
	0.00479802817779	1.69335791277e-66	2.51204110311e-74	0.000210713191137	0.00368500026337	0.000229922956189	2.30432399568e-159	3.43888103173e-26	0.00236456716037	3.62971154461e-38	0.680184810824	0.945698764183	0.000206687003294	2.49118927746e-19	0.000834093587961	0.00683660549546	0.000993266048895	0.050500151274	6.93787309698e-93	2.42290084848e-39	0.0587750362623	0.00328772633765	0.372416148039	0.990291114225

	5.86182113882e-12	0.0153766994922	2.99181483075e-13	3.55248013867e-54	0.00277255355921	8.07858855848e-09	0.0476755336541	0.0644775009845	3.63619961569e-26	0.591620081684	9.02454685992e-21	0.0365688735791	4.23273824289e-14	0.113566625716	1.51604234982e-71	2.32657572213e-14	0.791249135823	0.0169254421017	0.683216068826	0.399570430026	0.0180345194726	0.996137115144	0.147118356426	0.00890277745314

	0.00491024121099	0.887368986919	9.97555516459e-06	0.0123329215493	9.67369928422e-27	0.0104669071852	6.62470948854e-181	5.80552125716e-33	0.404992237747	5.78398645335e-07	1.42248559421e-104	3.13237345916e-07	0.0135904353178	0.0102818354895	0.565324809425	0.75368227266	2.62587578306e-129	0.155378658114	9.07091054187e-87	2.5659524335e-151	0.110909996736	3.89388798769e-171	8.48657507961e-86	3.43132376644e-26

	0.954628036244	1.07912025748e-15	0.0680820731748	0.974853932375	0.95439871578	0.154289683938	0.912288400876	0.929452765536	0.0163051646826	0.393998838894	1.80600510286e-192	9.10295575584e-101	9.90065162155e-59	4.65385233794e-12	0.0084659256507	2.82547284042e-104	4.26331156952e-99	1.08210914951e-07	5.93431361339e-33	2.29220757388e-22	7.28091511284e-21	1.45001106545e-243	4.08894742708e-77	2.02907553843e-80

	0.00400515623003	3.83068479449e-17	5.08126945448e-05	0.0023549778519	1.28928560288e-32	0.0149708463858	5.61418859124e-187	4.06542308149e-54	1.90569584932e-10	0.0005517933919	0.319815189176	0.0177320490004	0.981449188302	0.0127964353106	0.00503439446929	0.239481121845	1.68866259811e-65	0.00275235557283	7.08536184438e-136	0.295256168566	0.0619743996466	0.000575158518092	1.33444383178e-108	0.000129927064352

	0.0145622591674	0.0377199400894	0.931856634071	0.0102474550328	0.0184483375348	0.00923542750309	7.62849772203e-50	3.31722949859e-24	0.573927791258	2.46890687142e-98	6.42949807519e-157	2.04526701135e-30	0.00475368937646	0.015617065232	0.420340776867	7.04717466134e-43	1.27476690057e-162	0.774443284726	3.93878947153e-114	3.21987802971e-92	0.744193170497	9.8513240129e-148	0.480465495535	0.000676181257391

	0.0170962789643	0.0595343734998	5.04503777225e-07	3.46487099294e-17	0.0206953928629	0.810807203953	0.0400360654703	0.00606973347938	0.00241023896104	0.0138287076307	1.9002945647e-126	1.58653897408e-16	7.44329229161e-31	0.847738038247	2.18724222128e-56	9.5581150525e-18	0.207757598128	1.58640863796e-25	0.316783931174	0.305173401408	0.00611287738554	3.96663529612e-178	1.00297090818e-90	6.36379271022e-30
