
	0.0153196587264	0.448902556139	0.891731102027	0.0210008271397	0.0165774970149	0.0104388204427	7.02298348194e-47	1.37262631964e-11	0.850826538041	7.05616251301e-54	4.04402731324e-92	2.63440615548e-10	0.00282772475336	0.0190633515865	0.768746688531	0.218058982238	5.96920612376e-94	0.865847765318	3.01477993105e-67	2.14506941534e-77	0.797796897161	4.05972270742e-94	0.452937379979	0.000856841021581

	0.00695390880618	0.471933797548	2.15638935897e-11	0.00588768282507	4.74876805621e-26	0.0210018992412	8.56849353577e-111	0.000203950179358	0.105603687109	0.000857235520199	0.25941108499	0.0088978916841	0.975950650089	0.0163013800902	0.216628791838	0.781884828544	5.40819775654e-67	0.0453929801494	1.54852839274e-65	0.253594507623	0.0976087567858	1.6425262834e-32	2.17098037417e-74	3.09240405062e-07

	0.00472987094737	7.34763988759e-21	3.2184983892e-49	0.000299595267549	0.00370500431044	0.000224215217343	5.42978731497e-78	1.00943874098e-08	0.0213986193897	9.87901177704e-22	0.74058891501	0.954955229403	0.00222611427165	2.68814883822e-05	0.0074729805353	4.65095832726e-14	0.00080607120666	0.054849729282	1.44765891743e-46	0.0170182667272	0.0547159302592	0.00389833498237	0.376031252423	0.990042632373

	0.958067967509	4.64199788771e-27	0.0987776082741	0.972811894768	0.959041237591	0.161333702715	0.917805804415	0.932993127313	0.0114889215219	0.394710141346	1.31023269401e-105	2.7604399255e-59	5.27365984082e-15	0.000110017342719	0.00715153907826	5.35765503359e-51	4.44971008817e-43	0.00501376747846	6.71932092596e-12	6.75354228494e-11	0.00467003405087	1.50947953411e-145	2.47936227103e-19	3.73908619247e-45

	1.33677783207e-07	0.00127130891588	0.009491289677	1.1238994037e-39	0.00320144511043	1.49842760363e-07	0.0491648560609	0.0647130778	3.55471023034e-20	0.595700965826	1.2876246796e-20	0.0361468357904	0.0189955105372	0.113802907148	2.6281060919e-34	2.11209295698e-40	0.794387312093	0.0288931974257	0.688566993047	0.414119905332	0.0363843374754	0.996101665018	0.171031367599	0.00910021736534

	0.0149284603328	0.0778923373969	6.62263534658e-16	4.4786488378e-23	0.0174748159731	0.807001212541	0.0330293395241	0.00208983459933	0.0106822339381	0.00873165730786	8.61281762238e-63	4.28589446629e-08	3.48556064613e-10	0.850695462344	1.77802321864e-11	5.61892181106e-05	0.2048066167	2.56034601185e-06	0.311433006946	0.31526732025	0.0088240442672	5.91613991624e-95	1.67852124631e-40	2.98935255982e-15
