
	0.019013066803	0.428468543705	0.901576153363	0.0239962711817	0.0190860242205	1.42871607805e-17	9.67752555045e-05	0.000167008271864	0.850160912422	1.10611948286e-29	1.44083256028e-58	4.28366582082e-07	0.00304889437546	8.47726156029e-13	0.765657643784	0.213979937698	1.20520111485e-46	0.87029779554	6.69479326472e-41	1.89840946029e-49	0.801075708995	2.30313039552e-134	0.442152104526	0.000821036543186

	0.00139770342977	0.0195279687227	0.00566834738683	1.34789547354e-33	0.00622031090913	0.239710886798	0.0653973752975	0.0702723122142	5.09356988828e-06	0.63849975169	2.33401480787e-19	0.0333065459445	0.0143753982584	0.48661189532	1.4316921579e-26	3.4370480678e-20	0.964685765256	0.0239136252934	0.919598814076	0.612825928668	0.0373412181758	0.994370385958	0.14271866754	0.00990633105355

	0.00657088675273	1.2748981677e-32	6.51393166858e-34	0.000691441187234	0.00423254287786	2.35998964998e-32	1.0979167505e-34	0.00046270577638	0.0198690293689	2.3761811639e-05	0.754788250025	0.960208502162	0.032439813136	8.16553575897e-49	0.0079552170017	0.00262836885154	0.0060473250287	0.0599838587826	2.18714117428e-20	0.00916869406062	0.0588046713209	0.00562961404247	0.415129227934	0.989272541727

	0.00532571493746	0.532415800305	1.00837924318e-14	0.00451051756196	9.66084766693e-26	0.0810762595158	1.15880438918e-37	2.14814112281e-17	0.117149989738	0.000870764210114	0.245211749975	0.0064845235274	0.95013589423	0.105331861017	0.22481634887	0.78339169345	2.20874304069e-24	0.0456648920242	1.15749191287e-46	0.29593008523	0.099701643946	2.33166557818e-92	1.1046743554e-60	9.06759110202e-08

	0.967692628077	0.0195876872676	0.0927554992506	0.970801770069	0.970461121993	0.679212853686	0.934505849447	0.929097973738	0.0128149749013	0.360605722289	4.32918639583e-67	2.86050024963e-42	2.6300498377e-13	0.408056243663	0.00157079034516	5.62003260012e-41	0.0292669097149	0.00013982835969	0.0804011859235	0.0820752920406	0.00307675756206	1.56676268088e-145	8.43196966127e-24	9.85111998466e-29
